time (s)	energy (uJ)	charge (mC)	voltage (mV)	crossing#mod 255
8724.877261	156.447601	0.026383	5.929900	0
8725.931855	144.276886	0.026353	5.474863	1
8726.961242	166.526352	0.026344	6.321333	2
8728.011298	150.835556	0.026314	5.732219	3
8729.043049	173.543549	0.026317	6.594384	4
8730.096240	159.192719	0.026329	6.046214	5
8731.128011	181.278046	0.026331	6.884500	6
8732.175181	169.854156	0.026348	6.446588	7
8733.210236	182.314896	0.026316	6.927795	8
8734.257114	177.866226	0.026343	6.751834	9
8735.295119	189.841141	0.026317	7.213699	10
8736.338372	184.040314	0.026307	6.995744	11
8737.378356	185.800430	0.026313	7.061130	12
8738.419311	179.701111	0.026336	6.823336	13
8739.462965	188.820145	0.026307	7.177585	14
8740.499975	192.086411	0.026274	7.310806	15
8741.544365	184.820312	0.026334	7.018357	16
8742.582061	191.795578	0.026310	7.289775	17
8743.623191	189.550980	0.026295	7.208586	18
8744.663866	192.421600	0.026306	7.314839	19
8745.702251	186.733658	0.026338	7.089948	20
8746.745421	192.268814	0.026296	7.311669	21
8747.782255	184.149292	0.026301	7.001648	22
8748.827166	191.179367	0.026276	7.275835	23
8749.860286	183.190628	0.026322	6.959482	24
8750.909393	188.341492	0.026305	7.160034	25
8751.938414	183.501526	0.026298	6.977704	26
8752.993597	178.214325	0.026298	6.776754	27
8754.016583	180.888824	0.026306	6.876278	28
8755.072805	181.228867	0.026322	6.884979	29
8756.094748	178.315292	0.026293	6.781727	30
8757.153291	171.820724	0.026324	6.527130	31
8758.173422	181.913834	0.026284	6.920958	32
8759.233037	169.902481	0.026303	6.459438	33
8760.254600	170.512024	0.026287	6.486616	34
8761.311429	163.555130	0.026331	6.211512	35
8762.334093	164.800705	0.026320	6.261381	36
8763.389350	163.997147	0.026312	6.232759	37
8764.411043	165.601135	0.026305	6.295385	38
8765.468784	156.133972	0.026301	5.936506	39
8766.490759	160.427292	0.026279	6.104684	40
8767.547317	153.456848	0.026318	5.830942	41
8768.569498	155.263184	0.026290	5.905695	42
8769.623869	153.575378	0.026318	5.835471	43
8770.649510	147.453644	0.026301	5.606346	44
8771.703825	149.761337	0.026267	5.701528	45
8772.726305	146.457153	0.026292	5.570371	46
8773.780581	147.587585	0.026312	5.609080	47
8774.804738	142.471390	0.026288	5.419600	48
8775.861199	130.013260	0.026286	4.946157	49
8776.882416	139.849945	0.026308	5.315793	50
8777.938301	140.575943	0.026266	5.351930	51
8778.959916	128.470886	0.026294	4.885961	52
8780.015235	137.639053	0.026295	5.234384	53
8781.040093	126.404800	0.026273	4.811237	54
8782.096386	127.575134	0.026289	4.852820	55
8783.117407	127.851852	0.026286	4.863857	56
8784.169315	139.654663	0.026364	5.297134	57
8785.195170	126.782112	0.026306	4.819470	58
8786.247657	130.008377	0.026313	4.940831	59
8787.275545	118.255630	0.026274	4.500861	60
8788.321953	136.797485	0.026275	5.206438	61
8789.353664	116.559097	0.026353	4.423022	62
8790.397542	129.809067	0.026272	4.940906	63
8791.433772	112.258598	0.026236	4.278784	64
8792.474923	123.332115	0.026286	4.691953	65
8793.511617	110.220970	0.026297	4.191382	66
8794.551326	121.724533	0.026276	4.632564	67
8795.589229	112.205376	0.026285	4.268817	68
8796.628930	120.746567	0.026270	4.596312	69
8797.667944	108.726860	0.026300	4.134110	70
8798.704801	119.641777	0.026281	4.552334	71
8799.744088	106.569557	0.026271	4.056505	72
8800.781785	117.660469	0.026304	4.473137	73
8801.822101	63.822479	0.026301	2.426654	74
8802.860618	95.356720	0.026257	3.631725	75
8803.901138	99.771019	0.026302	3.793260	76
8804.934866	116.295547	0.026295	4.422744	77
8805.993448	63.149117	0.026278	2.403101	78
8807.013223	109.028229	0.026297	4.146096	79
8808.053223	98.014633	0.026280	3.729588	80
8809.090410	110.828575	0.026315	4.211650	81
8810.129608	98.653931	0.026290	3.752571	82
8811.168063	103.990288	0.026293	3.955090	83
8812.207763	94.413750	0.026274	3.593390	84
8813.245122	104.427048	0.026245	3.978945	85
8814.285605	90.539612	0.026274	3.446028	86
8815.323634	665.119995	0.026303	25.286438	87
8816.361414	79.308540	0.026292	3.016396	88
8817.400408	98.106453	0.026272	3.734210	89
8818.438124	91.805328	0.026309	3.489517	90
8819.475687	101.215904	0.026277	3.851897	91
8820.515658	88.494003	0.026274	3.368156	92
8821.554058	100.438492	0.026246	3.826840	93
8822.592362	90.126801	0.026258	3.432326	94
8823.631736	94.815285	0.026274	3.608767	95
8824.668659	88.538300	0.026307	3.365564	96
8825.707894	95.499855	0.026283	3.633467	97
8826.745742	81.791206	0.026269	3.113581	98
8827.786703	92.265793	0.026294	3.508941	99
8828.820833	84.850616	0.026301	3.226152	100
8829.864549	93.581413	0.026264	3.563069	101
8830.896741	83.433800	0.026273	3.175618	102
8831.942080	93.397453	0.026294	3.552108	103
8832.973464	78.030327	0.026300	2.966964	104
8834.021073	78.659409	0.026285	2.992609	105
8835.048361	81.394402	0.026261	3.099407	106
8836.099402	85.406837	0.026275	3.250550	107
8837.124685	77.501343	0.026252	2.952258	108
8838.174983	88.496399	0.026264	3.369509	109
8839.200528	77.793350	0.026292	2.958812	110
8840.254292	83.789513	0.026242	3.193009	111
8841.277049	80.096451	0.026332	3.041759	112
8842.330050	86.063545	0.026293	3.273221	113
8843.353571	78.071892	0.026251	2.974011	114
8844.407391	84.118172	0.026293	3.199308	115
8845.432223	72.527679	0.026290	2.758749	116
8846.486742	77.295563	0.026262	2.943273	117
8847.508227	75.165573	0.026265	2.861808	118
8848.559581	60.798679	0.026262	2.315099	119
8849.583911	75.865234	0.026258	2.889171	120
8850.637922	79.847252	0.026268	3.039679	121
8851.663332	69.569366	0.026296	2.645632	122
8852.714281	82.245224	0.026261	3.131855	123
8853.738799	70.675697	0.026262	2.691187	124
8854.791399	78.374512	0.026235	2.987441	125
8855.816211	70.137161	0.026291	2.667773	126
8856.868093	78.965263	0.026290	3.003598	127
8857.892551	67.976913	0.026257	2.588902	128
