crossing time (s)	slope (V/s)	crossing number
281474976710655.000000	2.403034	2459	0.000000
281474976710655.000000	1.922701	2460	0.000000
281474976710655.000000	2.008013	2461	424055832576.000000
281474976710655.000000	2.169765	2462	424057077760.000000
281474976710655.000000	1.872615	2463	424057896960.000000
281474976710655.000000	2.362161	2464	424059142144.000000
281474976710655.000000	2.329493	2465	424059994112.000000
281474976710655.000000	2.178684	2466	424061239296.000000
281474976710655.000000	2.717053	2467	424062058496.000000
281474976710655.000000	2.503730	2468	424063303680.000000
281474976710655.000000	2.569016	2469	424064155648.000000
281474976710655.000000	2.616339	2470	424065368064.000000
281474976710655.000000	2.642709	2471	424066220032.000000
281474976710655.000000	2.650160	2472	424067465216.000000
281474976710655.000000	2.541225	2473	424068317184.000000
281474976710655.000000	2.830626	2474	424069529600.000000
281474976710655.000000	3.101573	2475	424070381568.000000
281474976710655.000000	2.776008	2476	424071593984.000000
281474976710655.000000	3.748085	2477	424072478720.000000
281474976710655.000000	3.528172	2478	424073691136.000000
281474976710655.000000	3.414096	2479	424074543104.000000
281474976710655.000000	3.051705	2480	424075755520.000000
281474976710655.000000	4.187775	2481	424076640256.000000
281474976710655.000000	3.442909	2482	424077852672.000000
281474976710655.000000	3.514789	2483	424078704640.000000
281474976710655.000000	4.048727	2484	424079917056.000000
281474976710655.000000	5.156404	2485	424080801792.000000
281474976710655.000000	3.517814	2486	424082014208.000000
281474976710655.000000	3.911482	2487	424082866176.000000
281474976710655.000000	4.565797	2488	424084078592.000000
281474976710655.000000	5.804367	2489	424084963328.000000
281474976710655.000000	4.581985	2490	424086142976.000000
281474976710655.000000	3.715957	2491	424087060480.000000
281474976710655.000000	4.186388	2492	424088240128.000000
281474976710655.000000	6.254593	2493	424089124864.000000
281474976710655.000000	4.923186	2494	424090304512.000000
281474976710655.000000	4.501385	2495	424091222016.000000
281474976710655.000000	5.106915	2496	424092368896.000000
281474976710655.000000	5.833927	2497	424093286400.000000
281474976710655.000000	5.773470	2498	424094466048.000000
281474976710655.000000	4.827298	2499	424095383552.000000
281474976710655.000000	6.079709	2500	424096530432.000000
281474976710655.000000	6.085327	2501	424097447936.000000
281474976710655.000000	5.309861	2502	424098627584.000000
281474976710655.000000	5.792921	2503	424099545088.000000
281474976710655.000000	7.429544	2504	424100691968.000000
281474976710655.000000	6.363775	2505	424101609472.000000
281474976710655.000000	5.533426	2506	424102756352.000000
281474976710655.000000	5.544795	2507	424103706624.000000
281474976710655.000000	6.860792	2508	424104853504.000000
281474976710655.000000	7.234386	2509	424105771008.000000
281474976710655.000000	5.770883	2510	424106917888.000000
281474976710655.000000	6.496159	2511	424107835392.000000
281474976710655.000000	6.917852	2512	424109015040.000000
281474976710655.000000	8.719818	2513	424109932544.000000
281474976710655.000000	8.172266	2514	424111079424.000000
281474976710655.000000	7.456606	2515	424111996928.000000
281474976710655.000000	7.920996	2516	424113176576.000000
281474976710655.000000	7.220813	2517	424114094080.000000
281474976710655.000000	7.431947	2518	424115240960.000000
281474976710655.000000	8.799628	2519	424116158464.000000
281474976710655.000000	8.572800	2520	424117305344.000000
281474976710655.000000	7.007949	2521	424118255616.000000
281474976710655.000000	8.331553	2522	424119402496.000000
281474976710655.000000	8.795238	2523	424120320000.000000
281474976710655.000000	8.943600	2524	424121466880.000000
281474976710655.000000	8.156038	2525	424122384384.000000
281474976710655.000000	7.827127	2526	424123564032.000000
281474976710655.000000	8.207439	2527	424124481536.000000
281474976710655.000000	9.926032	2528	424125628416.000000
281474976710655.000000	8.547492	2529	424126545920.000000
281474976710655.000000	7.791368	2530	424127692800.000000
281474976710655.000000	8.706647	2531	424128643072.000000
281474976710655.000000	10.647827	2532	424129789952.000000
281474976710655.000000	9.868123	2533	424130707456.000000
281474976710655.000000	8.563175	2534	424131854336.000000
281474976710655.000000	8.982384	2535	424132804608.000000
281474976710655.000000	9.386466	2536	424133951488.000000
281474976710655.000000	8.979664	2537	424134868992.000000
281474976710655.000000	8.901007	2538	424136015872.000000
281474976710655.000000	10.140398	2539	424136933376.000000
281474976710655.000000	10.440145	2540	424138080256.000000
281474976710655.000000	9.814157	2541	424139030528.000000
281474976710655.000000	10.239868	2542	424140177408.000000
281474976710655.000000	10.053710	2543	424141094912.000000
281474976710655.000000	11.964485	2544	424142241792.000000
281474976710655.000000	10.322377	2545	424143192064.000000
281474976710655.000000	9.582813	2546	424144338944.000000
281474976710655.000000	9.993271	2547	424145256448.000000
281474976710655.000000	10.851852	2548	424146403328.000000
281474976710655.000000	10.960990	2549	424147353600.000000
281474976710655.000000	13.015201	2550	424148467712.000000
281474976710655.000000	9.792560	2551	424149417984.000000
281474976710655.000000	11.936859	2552	424150564864.000000
281474976710655.000000	11.131270	2553	424151515136.000000
281474976710655.000000	11.980491	2554	424152629248.000000
281474976710655.000000	10.809071	2555	424153579520.000000
281474976710655.000000	9.841627	2556	424154726400.000000
281474976710655.000000	9.941205	2557	424155643904.000000
281474976710655.000000	10.876530	2558	424156790784.000000
281474976710655.000000	11.962057	2559	424157741056.000000
281474976710655.000000	10.804356	2560	424158855168.000000
281474976710655.000000	12.332416	2561	424159805440.000000
281474976710655.000000	10.469760	2562	424160952320.000000
281474976710655.000000	11.112767	2563	424161902592.000000
281474976710655.000000	12.182467	2564	424163016704.000000
281474976710655.000000	11.006744	2565	424163966976.000000
281474976710655.000000	13.424222	2566	424165113856.000000
281474976710655.000000	11.457010	2567	424166031360.000000
281474976710655.000000	13.544582	2568	424167178240.000000
281474976710655.000000	14.521037	2569	424168128512.000000
281474976710655.000000	10.352348	2570	424169242624.000000
281474976710655.000000	12.046060	2571	424170192896.000000
281474976710655.000000	14.982723	2572	424171339776.000000
281474976710655.000000	13.853817	2573	424172290048.000000
281474976710655.000000	10.547575	2574	424173404160.000000
281474976710655.000000	14.838735	2575	424174354432.000000
281474976710655.000000	10.700554	2576	424175468544.000000
281474976710655.000000	12.230854	2577	424176451584.000000
281474976710655.000000	13.142570	2578	424177565696.000000
281474976710655.000000	12.744692	2579	424178515968.000000
281474976710655.000000	13.845178	2580	424179630080.000000
281474976710655.000000	13.910166	2581	424180580352.000000
281474976710655.000000	14.938742	2582	424181727232.000000
281474976710655.000000	13.856199	2583	424182677504.000000
281474976710655.000000	13.316510	2584	424183791616.000000
281474976710655.000000	10.788067	2585	424184741888.000000
281474976710655.000000	15.252920	2586	424185856000.000000
281474976710655.000000	13.032006	2587	424186839040.000000
281474976710655.000000	12.002724	2588	424187953152.000000
281474976710655.000000	11.989619	2589	424188903424.000000
