time (s)	energy (uJ)	charge (mC)	voltage (mV)	crossing#mod 255
424770.905943	233.850739	0.026486	8.829271	58
424772.138019	165.775055	0.026492	6.257568	59
424773.004330	240.556107	0.026458	9.092150	60
424774.188719	173.823059	0.026501	6.559086	61
424775.096823	208.038528	0.026420	7.874253	62
424776.233755	180.461929	0.026507	6.808003	63
424777.157804	240.171585	0.026446	9.081705	64
424778.343897	200.791214	0.026472	7.584928	65
424779.214959	273.676971	0.026445	10.348948	66
424780.422295	171.490616	0.026466	6.479745	67
424781.340646	665.747498	0.026420	25.198936	68
424782.517357	189.792648	0.026496	7.163065	69
424783.424349	230.128784	0.026436	8.705171	70
424784.570803	216.097610	0.026446	8.171181	71
424785.480888	263.254395	0.026450	9.952965	72
424786.673613	189.572342	0.026465	7.163187	73
424787.557800	287.583679	0.026392	10.896427	74
424788.737664	210.133041	0.026473	7.937665	75
424789.635742	284.794861	0.026416	10.780974	76
424790.767188	260.543304	0.026478	9.839972	77
424791.746743	218.508438	0.026423	8.269709	78
424792.894248	224.023880	0.026416	8.480672	79
424793.782978	346.482452	0.026434	13.107207	80
424794.970497	198.627243	0.026453	7.508764	81
424795.907250	201.445404	0.026424	7.623674	82
424797.047980	218.250519	0.026469	8.245602	83
424797.971741	258.353516	0.026387	9.790899	84
424799.120333	230.067581	0.026470	8.691766	85
424800.080242	143.490845	0.026411	5.433040	86
424801.183761	257.560791	0.026428	9.745911	87
424802.147575	171.665054	0.026415	6.498702	88
424803.274146	231.301590	0.026457	8.742620	89
424804.211440	214.979691	0.026398	8.143848	90
424805.338273	263.830536	0.026457	9.972227	91
424806.295575	190.463470	0.026412	7.211374	92
424807.459227	143.870712	0.026436	5.442136	93
424808.400649	106.586967	0.026391	4.038801	94
424809.523023	186.142883	0.026436	7.041332	95
424810.442417	240.891663	0.026421	9.117400	96
424811.571642	260.715485	0.026443	9.859426	97
424812.520692	251.629776	0.026432	9.519859	98
424813.697249	114.719780	0.026452	4.336916	99
424814.631046	131.089371	0.026369	4.971379	100
424815.719390	270.262024	0.026456	10.215518	101
424816.694371	170.927002	0.026428	6.467728	102
424817.815816	221.843002	0.026396	8.404329	103
424818.780945	146.729416	0.026408	5.556174	104
424819.907177	178.059036	0.026400	6.744745	105
424820.845135	207.080063	0.026384	7.848624	106
424822.016127	83.859322	0.026463	3.168926	107
424822.940847	122.449623	0.026394	4.639293	108
424824.040879	245.784607	0.026442	9.295156	109
424825.011191	151.355759	0.026438	5.724992	110
424826.125935	221.556915	0.026419	8.386212	111
424827.088966	140.562164	0.026411	5.322068	112
424828.216236	170.884567	0.026414	6.469387	113
424829.184615	80.887436	0.026398	3.064144	114
424830.295106	153.173737	0.026408	5.800299	115
424831.211694	300.359833	0.026390	11.381432	116
424832.397923	79.642426	0.026426	3.013772	117
424833.334660	30.395651	0.026421	1.150433	118
424834.443421	172.524414	0.026433	6.526940	119
424835.411134	95.433624	0.026421	3.612043	120
424836.513171	192.244888	0.026441	7.270693	121
424837.503420	62.403187	0.026371	2.366378	122
424838.617691	103.022614	0.026419	3.899543	123
424839.548137	159.628494	0.026400	6.046619	124
424840.682710	138.985886	0.026404	5.263792	125
424841.636434	109.303268	0.026383	4.142898	126
424842.765937	118.368805	0.026419	4.480388	127
424843.689516	199.847641	0.026391	7.572508	128
424844.830355	164.102386	0.026409	6.213938	129
424845.797069	82.685089	0.026392	3.132986	130
424846.899562	197.547623	0.026401	7.482626	131
424847.858593	140.165588	0.026377	5.313873	132
424848.991891	136.920105	0.026363	5.193619	133
424849.942772	117.085587	0.026366	4.440714	134
424851.070256	130.932068	0.026394	4.960741	135
424852.013100	145.942352	0.026387	5.530786	136
424853.152936	109.343620	0.026431	4.136895	137
424854.118834	56.903538	0.026421	2.153702	138
424855.210907	160.328171	0.026429	6.066325	139
424856.167595	157.648026	0.026414	5.968361	140
424857.269263	234.643494	0.026395	8.889856	141
424858.265267	77.874214	0.026393	2.950608	142
424859.398806	61.056484	0.026407	2.312173	143
424860.315494	176.985397	0.026359	6.714523	144
424861.443402	150.250732	0.026377	5.696306	145
424862.424462	60.004307	0.026398	2.273102	146
424863.494981	250.384598	0.026401	9.484035	147
424864.490193	99.488983	0.026389	3.770160	148
424865.607851	110.998215	0.026390	4.206108	149
424866.569536	86.569794	0.026342	3.286329	150
424867.670125	154.058975	0.026366	5.843135	151
424868.604787	293.597870	0.026375	11.131880	152
424869.747689	141.726364	0.026389	5.370583	153
424870.735122	46.445259	0.026400	1.759315	154
424871.812122	184.234299	0.026421	6.972917	155
424872.796152	94.673203	0.026362	3.591289	156
424873.870306	269.880768	0.026419	10.215284	157
424874.864966	112.151855	0.026387	4.250220	158
424875.992435	95.472282	0.026370	3.620502	159
424876.959534	57.789692	0.026378	2.190870	160
424878.070167	96.725746	0.026399	3.663996	161
424879.019553	108.731155	0.026379	4.121942	162
424880.108131	229.624298	0.026429	8.688415	163
424881.075696	197.533463	0.026346	7.497800	164
424882.219266	106.278267	0.026424	4.022012	165
424883.174278	101.225914	0.026364	3.839539	166
424884.311663	57.844933	0.026379	2.192865	167
424885.219701	251.840439	0.026338	9.561977	168
424886.360698	121.344261	0.026414	4.593990	169
424887.316295	129.178955	0.026389	4.895228	170
424888.430947	138.926636	0.026365	5.269409	171
424889.411788	67.535034	0.026369	2.561126	172
424890.509138	131.019196	0.026381	4.966333	173
424891.485336	81.323036	0.026400	3.080455	174
424892.631186	30.473734	0.026406	1.154050	175
424893.568115	63.119358	0.026394	2.391446	176
424894.669640	92.731979	0.026412	3.510917	177
424895.665959	8.313872	0.026388	0.315058	178
424896.747131	87.044418	0.026407	3.296204	179
424897.745209	17.885258	0.026369	0.678281	180
424898.817006	93.494308	0.026384	3.543609	181
424899.782746	105.898254	0.026366	4.016506	182
424900.896683	91.097481	0.026380	3.453307	183
424901.846798	152.310883	0.026359	5.778324	184
424902.974161	79.767746	0.026388	3.022910	185
424903.943293	72.288605	0.026395	2.738766	186
