time (s)	energy (uJ)	charge (mC)	voltage (mV)	crossing#mod 255
424939.168436	165.819748	0.026451	6.269010	216
424940.008522	222.703751	0.026388	8.439533	217
424941.246004	129.563385	0.026440	4.900325	218
424942.119959	231.121948	0.026361	8.767678	219
424943.331045	159.266815	0.026399	6.032952	220
424944.232513	216.756027	0.026363	8.222134	221
424945.394831	176.100708	0.026431	6.662539	222
424946.297617	226.173553	0.026332	8.589149	223
424947.422407	169.182800	0.026488	6.387129	224
424948.383282	229.837738	0.026376	8.713959	225
424949.573520	187.073639	0.026408	7.084059	226
424950.446811	260.570129	0.026372	9.880440	227
424951.614629	199.372162	0.026407	7.550111	228
424952.538597	247.948288	0.026364	9.404840	229
424953.719045	195.981232	0.026395	7.425075	230
424954.604192	262.427521	0.026324	9.968965	231
424955.782751	217.986420	0.026397	8.257993	232
424956.681243	288.806427	0.026381	10.947366	233
424957.873312	197.632935	0.026403	7.485335	234
424958.733179	289.946899	0.026375	10.993118	235
424959.931343	247.478928	0.026415	9.368962	236
424960.878706	183.513962	0.026355	6.963183	237
424962.014706	224.228943	0.026379	8.500124	238
424962.919557	289.317108	0.026341	10.983401	239
424964.112545	192.727036	0.026389	7.303424	240
424965.023331	228.953003	0.026347	8.689794	241
424966.182878	206.313202	0.026391	7.817666	242
424967.090254	449.384033	0.026316	17.076160	243
424968.234176	257.387024	0.026357	9.765434	244
424969.191123	202.625870	0.026427	7.667452	245
424970.349486	183.834976	0.026398	6.963989	246
424971.255736	243.127335	0.026324	9.235812	247
424972.432357	159.656891	0.026405	6.046355	248
424973.346502	215.112122	0.026321	8.172698	249
424974.479061	245.332596	0.026386	9.297921	250
424975.411013	258.138000	0.026339	9.800610	251
424976.543510	265.518890	0.026403	10.056430	252
424977.501260	216.835648	0.026330	8.235428	253
424978.654984	176.762619	0.026365	6.704568	254
424979.559155	297.178497	0.026344	11.280767	255
424980.681958	308.270844	0.026413	11.670959	0
424981.655797	231.410080	0.026346	8.783372	1
424982.784008	255.100037	0.026365	9.675811	2
424983.751781	199.015228	0.026340	7.555563	3
424984.867091	230.260300	0.026343	8.740757	4
424985.831014	149.436981	0.026360	5.669069	5
424986.925464	283.511200	0.026374	10.749692	6
424987.882417	258.249512	0.026375	9.791369	7
424989.060084	108.653221	0.026323	4.127742	8
424989.985741	146.859192	0.026317	5.580321	9
424991.109363	195.435913	0.026404	7.401716	10
424992.075434	102.829163	0.026341	3.903812	11
424993.157153	292.969788	0.026388	11.102409	12
424994.140010	149.610931	0.026334	5.681335	13
424995.261617	194.933151	0.026378	7.390051	14
424996.235861	82.235901	0.026352	3.120692	15
424997.319280	262.745728	0.026368	9.964615	16
424998.283226	190.365997	0.026345	7.225899	17
424999.423144	164.353851	0.026392	6.227442	18
425000.379450	118.634941	0.026435	4.487805	19
425001.506860	128.964767	0.026370	4.890603	20
425002.445298	158.617340	0.026334	6.023365	21
425003.571249	188.692383	0.026386	7.151105	22
425004.539128	88.724693	0.026334	3.369205	23
425005.655908	165.862015	0.026362	6.291817	24
425006.605720	134.529495	0.026319	5.111493	25
425007.736047	146.108902	0.026361	5.542676	26
425008.671067	189.960449	0.026340	7.211838	27
425009.823567	119.310158	0.026386	4.521731	28
425010.767988	104.193359	0.026318	3.959041	29
425011.893345	138.322327	0.026389	5.241583	30
425012.843165	119.139534	0.026335	4.524054	31
425013.932271	281.603394	0.026351	10.686494	32
425014.928865	84.117455	0.026356	3.191560	33
425016.042633	156.518967	0.026408	5.926972	34
425016.993002	118.494011	0.026362	4.494822	35
425018.137883	91.445793	0.026384	3.465962	36
425019.058253	191.892960	0.026330	7.288136	37
425020.224199	64.626442	0.026371	2.450706	38
425021.167491	54.121586	0.026349	2.054051	39
425022.270654	155.824295	0.026378	5.907451	40
425023.231593	104.700035	0.026361	3.971704	41
425024.352973	128.322937	0.026361	4.867980	42
425025.302736	119.478264	0.026345	4.535120	43
425026.459043	54.355125	0.026352	2.062629	44
425027.382204	122.075195	0.026338	4.634986	45
425028.495140	132.436050	0.026355	5.025038	46
425029.451877	157.805008	0.026307	5.998626	47
425030.607240	65.275139	0.026396	2.472892	48
425031.541766	105.392212	0.026344	4.000550	49
425032.667770	110.006142	0.026345	4.175622	50
425033.608317	144.548874	0.026356	5.484511	51
425034.714266	220.478317	0.026381	8.357604	52
425035.731286	18.367041	0.026346	0.697144	53
425036.818172	119.049179	0.026360	4.516275	54
425037.769140	111.007790	0.026337	4.214957	55
425038.883488	156.542023	0.026358	5.939039	56
425039.832984	173.225677	0.026328	6.579412	57
425040.979417	89.735497	0.026375	3.402256	58
425041.930630	86.129753	0.026364	3.266979	59
425043.074347	46.762470	0.026377	1.772844	60
425043.993425	119.949539	0.026366	4.549417	61
425045.094525	223.465607	0.026377	8.471833	62
425046.078156	90.530807	0.026350	3.435691	63
425047.204421	99.321869	0.026358	3.768155	64
425048.156643	98.680519	0.026349	3.745129	65
425049.262986	151.062546	0.026380	5.726330	66
425050.206353	224.506409	0.026323	8.529023	67
425051.320074	222.726486	0.026339	8.456111	68
425052.344133	19.966991	0.026335	0.758191	69
425053.416586	129.676056	0.026353	4.920642	70
425054.382772	113.285522	0.026335	4.301777	71
425055.482069	172.735519	0.026356	6.553954	72
425056.445259	179.676773	0.026347	6.819723	73
425057.561734	160.865067	0.026374	6.099404	74
425058.557037	50.488873	0.026370	1.914655	75
425059.671327	62.461433	0.026347	2.370692	76
425060.607735	132.604507	0.026326	5.036963	77
425061.715028	140.973694	0.026341	5.351898	78
425062.705684	55.694496	0.026356	2.113150	79
425063.804662	90.571869	0.026370	3.434675	80
425064.780779	59.354565	0.026350	2.252523	81
425065.890190	73.509033	0.026353	2.789444	82
425066.826909	163.810135	0.026332	6.220855	83
425067.953988	104.883492	0.026354	3.979721	84
425068.918005	91.212769	0.026326	3.464679	85
425070.046235	65.412254	0.026345	2.482910	86
425071.012815	-13.878914	0.026331	-0.527091	87
425072.081955	165.209641	0.026348	6.270210	88
425073.066105	111.245354	0.026329	4.225278	89
425074.172947	125.037445	0.026339	4.747220	90
425075.156030	31.764145	0.026356	1.205180	91
425076.270274	70.456276	0.026338	2.675050	92
