time (s)	energy (uJ)	charge (mC)	voltage (mV)	crossing#mod 255
8950.016153	85.018738	0.019665	4.323246	214
8951.081069	68.356995	0.019691	3.471561	215
8952.097454	72.747505	0.019644	3.703352	216
8953.161460	76.636925	0.019649	3.900248	217
8954.179216	76.695320	0.019612	3.910636	218
8955.240425	67.740372	0.019663	3.445028	219
8956.260176	73.490959	0.019653	3.739450	220
8957.318324	70.289703	0.019651	3.576954	221
8958.343239	68.743507	0.019646	3.499154	222
8959.393421	73.885704	0.019640	3.761941	223
8960.423675	66.596855	0.019661	3.387268	224
8961.475958	71.116051	0.019655	3.618193	225
8962.504067	67.817085	0.019646	3.451913	226
8963.554266	66.489578	0.019653	3.383100	227
8964.582748	67.032471	0.019650	3.411242	228
8965.633843	65.834312	0.019648	3.350624	229
8966.662662	62.260338	0.019669	3.165337	230
8967.714434	65.552109	0.019626	3.340027	231
8968.738112	59.993816	0.019611	3.059189	232
8969.797159	64.789917	0.019648	3.297475	233
8970.813357	65.416054	0.019635	3.331557	234
8971.877981	59.577961	0.019666	3.029505	235
8972.895107	57.343937	0.019677	2.914293	236
8973.954943	62.437874	0.019680	3.172688	237
8974.974577	59.082047	0.019625	3.010571	238
8976.030549	59.113350	0.019649	3.008513	239
8977.057101	60.040260	0.019649	3.055657	240
8978.103000	58.687157	0.019608	2.993006	241
8979.141301	56.357681	0.019665	2.865938	242
8980.177840	60.702236	0.019667	3.086511	243
8981.220239	53.480923	0.019634	2.723849	244
8982.256499	56.510494	0.019641	2.877173	245
8983.298492	52.778152	0.019634	2.688106	246
8984.339102	55.460670	0.019656	2.821564	247
8985.370421	52.209900	0.019658	2.655935	248
8986.420441	57.675198	0.019636	2.937214	249
8987.445481	51.357830	0.019630	2.616316	250
8988.502736	53.546669	0.019634	2.727264	251
8989.520629	50.534611	0.019660	2.570426	252
8990.581666	53.359280	0.019649	2.715577	253
8991.602399	47.563652	0.019659	2.419401	254
8992.656253	54.248524	0.019615	2.765726	255
8993.680230	49.208805	0.019609	2.509448	0
8994.733373	50.477680	0.019634	2.570986	1
8995.761897	49.714352	0.019632	2.532376	2
8996.806627	49.462090	0.019643	2.518061	3
8997.843550	46.305710	0.019654	2.356057	4
8998.881575	52.749050	0.019654	2.683949	5
8999.921163	45.095325	0.019653	2.294631	6
9000.960446	49.171883	0.019639	2.503788	7
9001.999850	44.886768	0.019633	2.286309	8
9003.036155	49.114449	0.019659	2.498352	9
9004.078162	43.259319	0.019630	2.203780	10
9005.114364	46.912815	0.019635	2.389266	11
9006.154632	44.236912	0.019594	2.257625	12
9007.190693	49.229755	0.019646	2.505836	13
9008.232627	38.401672	0.019639	1.955360	14
9009.270138	43.541790	0.019621	2.219132	15
9010.310311	41.284107	0.019634	2.102685	16
9011.348706	45.488331	0.019636	2.316630	17
9012.384177	42.023518	0.019654	2.138141	18
9013.427939	43.429287	0.019667	2.208244	19
9014.459074	42.790043	0.019633	2.179523	20
9015.506617	43.618340	0.019655	2.219161	21
9016.535257	40.613678	0.019662	2.065557	22
9017.588408	42.987194	0.019646	2.188068	23
9018.607991	41.766319	0.019627	2.128042	24
9019.666859	43.375942	0.019603	2.212703	25
9020.686243	39.099483	0.019624	1.992467	26
9021.956224	-45.715248	0.019636	-2.328164	27
9022.764982	36.151569	0.019634	1.841254	28
9023.821666	41.706951	0.019640	2.123620	29
9024.843376	37.696114	0.019630	1.920374	30
9025.893975	42.698132	0.019612	2.177191	31
9026.924832	38.056988	0.019627	1.938993	32
9027.967611	40.857594	0.019631	2.081275	33
9029.004963	36.333939	0.019658	1.848308	34
9030.041136	42.163403	0.019654	2.145298	35
9031.083232	36.412846	0.019625	1.855397	36
9032.117991	40.634369	0.019625	2.070520	37
9033.158231	36.943245	0.019629	1.882038	38
9034.196747	39.552612	0.019637	2.014187	39
9035.236041	34.339596	0.019626	1.749708	40
9036.276652	39.181252	0.019653	1.993662	41
9037.309418	35.284611	0.019651	1.795521	42
9038.357176	37.976223	0.019652	1.932422	43
9039.384563	36.054523	0.019653	1.834559	44
9040.434861	53.262886	0.019657	2.709652	45
9041.460436	34.530323	0.019622	1.759775	46
9042.513566	36.432812	0.019654	1.853688	47
9043.535090	34.537777	0.019657	1.757061	48
9044.590381	37.258480	0.019639	1.897169	49
9045.614253	31.871090	0.019654	1.621609	50
9046.667071	37.942993	0.019627	1.933226	51
9047.687797	34.822105	0.019639	1.773075	52
9048.743108	36.296215	0.019637	1.848385	53
9049.767001	32.662376	0.019661	1.661271	54
9050.820136	36.231472	0.019653	1.843563	55
9051.845141	31.541397	0.019618	1.607739	56
9052.897013	35.505039	0.019656	1.806321	57
9053.921348	32.749779	0.019629	1.668453	58
9054.972277	33.353149	0.019600	1.701715	59
9056.000453	32.039326	0.019635	1.631729	60
9057.045716	34.248375	0.019650	1.742949	61
9058.079647	31.998064	0.019622	1.630704	62
9059.120075	34.731636	0.019596	1.772418	63
9060.158431	31.020626	0.019625	1.580635	64
9061.195654	34.596767	0.019609	1.764297	65
9062.236150	30.984442	0.019622	1.579046	66
9063.272061	31.517622	0.019658	1.603307	67
9064.314232	30.135651	0.019636	1.534724	68
9065.350984	33.319439	0.019646	1.696005	69
9066.387593	29.872210	0.019612	1.523149	70
9067.428538	31.672298	0.019600	1.615949	71
9068.461222	31.051912	0.019628	1.582012	72
9069.510817	32.586132	0.019620	1.660864	73
9070.537010	29.378597	0.019631	1.496576	74
9071.591049	31.218834	0.019655	1.588368	75
9072.611979	28.286697	0.019654	1.439198	76
9073.665428	33.374401	0.019624	1.700666	77
9074.685985	28.789133	0.019615	1.467705	78
9075.744120	32.411209	0.019620	1.651912	79
9076.763780	28.291029	0.019622	1.441799	80
9077.817898	34.015553	0.019625	1.733297	81
9078.839998	28.399681	0.019640	1.446010	82
9079.894506	32.346592	0.019621	1.648545	83
9080.920389	27.750660	0.019631	1.413635	84
