crossing time (s)	slope (V/s)	crossing number
281474976710655.000000	2.225323	6979	0.000000
281474976710655.000000	2.165791	6980	0.000000
281474976710655.000000	2.124786	6981	0.000000
281474976710655.000000	2.087898	6982	0.000000
281474976710655.000000	2.054368	6983	0.000000
281474976710655.000000	2.011969	6984	0.000000
281474976710655.000000	2.037962	6985	0.000000
281474976710655.000000	2.070810	6986	0.000000
281474976710655.000000	2.046268	6987	0.000000
281474976710655.000000	2.038143	6988	0.000000
281474976710655.000000	2.084643	6989	0.000000
281474976710655.000000	2.032490	6990	0.000000
281474976710655.000000	2.140621	6991	0.000000
281474976710655.000000	2.058280	6992	0.000000
281474976710655.000000	2.080298	6993	0.000000
281474976710655.000000	2.043706	6994	0.000000
281474976710655.000000	2.059856	6995	0.000000
281474976710655.000000	2.044059	6996	0.000000
281474976710655.000000	2.042776	6997	8257555968.000000
281474976710655.000000	2.217927	6998	8258575872.000000
281474976710655.000000	2.198265	6999	8259645952.000000
281474976710655.000000	2.249728	7000	8260658688.000000
281474976710655.000000	2.499529	7001	8261730816.000000
281474976710655.000000	2.680685	7002	8262739456.000000
281474976710655.000000	2.431355	7003	8263811584.000000
281474976710655.000000	2.406460	7004	8264826368.000000
281474976710655.000000	2.516921	7005	8265891328.000000
281474976710655.000000	2.866594	7006	8266911744.000000
281474976710655.000000	3.567265	7007	8267969536.000000
281474976710655.000000	3.232038	7008	8268997120.000000
281474976710655.000000	3.599240	7009	8270052864.000000
281474976710655.000000	3.676692	7010	8271080960.000000
281474976710655.000000	3.639264	7011	8272132608.000000
281474976710655.000000	4.240967	7012	8273166336.000000
281474976710655.000000	3.876845	7013	8274211840.000000
281474976710655.000000	4.106156	7014	8275248640.000000
281474976710655.000000	4.593157	7015	8276294656.000000
281474976710655.000000	4.445428	7016	8277330432.000000
281474976710655.000000	4.622543	7017	8278376448.000000
281474976710655.000000	4.809055	7018	8279409152.000000
281474976710655.000000	4.775943	7019	8280459264.000000
281474976710655.000000	5.192851	7020	8281490432.000000
281474976710655.000000	4.887031	7021	8282542080.000000
281474976710655.000000	5.222494	7022	8283569152.000000
281474976710655.000000	5.351639	7023	8284624384.000000
281474976710655.000000	5.203278	7024	8285646848.000000
281474976710655.000000	5.821360	7025	8286706688.000000
281474976710655.000000	5.976921	7026	8287725056.000000
281474976710655.000000	5.971293	7027	8288787968.000000
281474976710655.000000	5.843326	7028	8289806336.000000
281474976710655.000000	6.319378	7029	8290866176.000000
281474976710655.000000	6.356163	7030	8291888128.000000
281474976710655.000000	6.516679	7031	8292942336.000000
281474976710655.000000	6.310692	7032	8293971456.000000
281474976710655.000000	6.829678	7033	8295017472.000000
281474976710655.000000	6.384117	7034	8296054272.000000
281474976710655.000000	7.261711	7035	8297094144.000000
281474976710655.000000	7.235807	7036	8298135040.000000
281474976710655.000000	6.978226	7037	8299172352.000000
281474976710655.000000	7.293058	7038	8300213248.000000
281474976710655.000000	7.439793	7039	8301253120.000000
281474976710655.000000	7.355347	7040	8302289408.000000
281474976710655.000000	7.655534	7041	8303334400.000000
281474976710655.000000	7.469319	7042	8304365056.000000
281474976710655.000000	7.599817	7043	8305415168.000000
281474976710655.000000	7.767204	7044	8306441728.000000
281474976710655.000000	7.729720	7045	8307495936.000000
281474976710655.000000	7.608923	7046	8308518400.000000
281474976710655.000000	8.016372	7047	8309574144.000000
281474976710655.000000	8.031048	7048	8310595584.000000
281474976710655.000000	8.237969	7049	8311652864.000000
281474976710655.000000	8.362538	7050	8312673280.000000
281474976710655.000000	8.744928	7051	8313731072.000000
281474976710655.000000	8.753462	7052	8314751488.000000
281474976710655.000000	8.698703	7053	8315808768.000000
281474976710655.000000	8.424866	7054	8316829696.000000
281474976710655.000000	8.934110	7055	8317886464.000000
281474976710655.000000	8.771691	7056	8318907392.000000
281474976710655.000000	7.816736	7057	8319964160.000000
281474976710655.000000	8.918358	7058	8320985088.000000
281474976710655.000000	9.369417	7059	8322041856.000000
281474976710655.000000	9.345876	7060	8323063296.000000
281474976710655.000000	9.028133	7061	8324119552.000000
281474976710655.000000	10.059552	7062	8325141504.000000
281474976710655.000000	8.879077	7063	8326196224.000000
281474976710655.000000	9.593924	7064	8327219712.000000
281474976710655.000000	9.414036	7065	8328272384.000000
281474976710655.000000	9.049168	7066	8329298944.000000
281474976710655.000000	9.940196	7067	8330348032.000000
281474976710655.000000	8.996495	7068	8331378688.000000
281474976710655.000000	9.197618	7069	8332423168.000000
281474976710655.000000	10.519657	7070	8333458944.000000
281474976710655.000000	9.610202	7071	8334498816.000000
281474976710655.000000	9.651996	7072	8335537664.000000
281474976710655.000000	10.091107	7073	8336574976.000000
281474976710655.000000	10.279531	7074	8337615360.000000
281474976710655.000000	9.253189	7075	8338652672.000000
281474976710655.000000	10.230640	7076	8339691520.000000
281474976710655.000000	10.111646	7077	8340731904.000000
281474976710655.000000	10.516479	7078	8341766656.000000
281474976710655.000000	10.618407	7079	8342812160.000000
281474976710655.000000	9.519320	7080	8343841280.000000
281474976710655.000000	10.558933	7081	8344890880.000000
281474976710655.000000	10.769510	7082	8345916416.000000
281474976710655.000000	11.580923	7083	8346969600.000000
281474976710655.000000	9.759245	7084	8347992576.000000
281474976710655.000000	9.798153	7085	8349047296.000000
281474976710655.000000	10.215779	7086	8350069760.000000
281474976710655.000000	11.028334	7087	8351123968.000000
281474976710655.000000	10.946566	7088	8352147456.000000
281474976710655.000000	10.043881	7089	8353200640.000000
281474976710655.000000	10.300789	7090	8354224640.000000
281474976710655.000000	11.033690	7091	8355277312.000000
281474976710655.000000	10.269867	7092	8356302336.000000
281474976710655.000000	10.605330	7093	8357354496.000000
281474976710655.000000	10.889258	7094	8358379520.000000
281474976710655.000000	10.262720	7095	8359431168.000000
281474976710655.000000	9.203279	7096	8360456704.000000
281474976710655.000000	11.465427	7097	8361508352.000000
281474976710655.000000	12.801934	7098	8362533376.000000
281474976710655.000000	11.026019	7099	8363586048.000000
281474976710655.000000	12.008286	7100	8364610048.000000
281474976710655.000000	9.623500	7101	8365663744.000000
281474976710655.000000	9.801878	7102	8366686208.000000
281474976710655.000000	11.861346	7103	8367740928.000000
281474976710655.000000	11.488600	7104	8368763392.000000
281474976710655.000000	10.584897	7105	8369817600.000000
281474976710655.000000	12.417104	7106	8370840576.000000
281474976710655.000000	9.860934	7107	8371893760.000000
281474976710655.000000	9.939404	7108	8372918784.000000
281474976710655.000000	12.340502	7109	8373969408.000000
281474976710655.000000	10.531634	7110	8374997504.000000
281474976710655.000000	10.132323	7111	8376044032.000000
281474976710655.000000	13.420142	7112	8377076736.000000
281474976710655.000000	11.964523	7113	8378118656.000000
281474976710655.000000	12.001237	7114	8379155456.000000
281474976710655.000000	12.234245	7115	8380194304.000000
281474976710655.000000	12.263639	7116	8381233664.000000
281474976710655.000000	12.867338	7117	8382270464.000000
281474976710655.000000	12.086425	7118	8383310336.000000
281474976710655.000000	12.855313	7119	8384347648.000000
281474976710655.000000	12.252330	7120	8385386496.000000
281474976710655.000000	11.281879	7121	8386425856.000000
281474976710655.000000	10.799024	7122	8387461632.000000
281474976710655.000000	10.495620	7123	8388504064.000000
281474976710655.000000	12.365979	7124	8389537280.000000
281474976710655.000000	13.398372	7125	8390582272.000000
281474976710655.000000	10.988730	7126	8391612928.000000
