num crossings	time (s)	maj axis (mm)	min axis (mm)	theta (rad )	slope (V/s)
5359	6506.829295	34.441433	0.902505	1.708901	2.591530
5361	6508.905430	34.355433	0.911985	1.709997	1.881309
5363	6510.974351	34.368943	0.921263	1.707744	2.228076
5365	6513.049942	34.266801	0.913048	1.706748	2.143768
5367	6515.122607	34.283115	0.968909	1.704256	2.504110
5369	6517.192249	34.166903	0.942642	1.703895	2.067788
5371	6519.264795	34.139245	0.979775	1.702948	2.284652
5373	6521.335813	34.045451	1.134905	1.703062	2.064012
5375	6523.410293	35.876626	0.911818	1.734616	2.787927
5377	6525.491540	36.215386	1.123250	1.700155	2.523449
5379	6527.569306	37.223422	1.214754	1.702047	2.917026
5381	6529.649251	39.686376	2.353983	1.742232	2.743788
5383	6531.727672	39.339177	1.123043	1.697575	3.229671
5385	6533.810065	40.584702	1.106157	1.696805	2.983921
5387	6535.888848	41.696235	1.010134	1.696091	3.274779
5389	6537.969263	43.142035	0.884688	1.710412	3.620841
5391	6540.049003	44.020598	0.961766	1.693918	3.460180
5393	6542.127671	45.179248	0.951526	1.693218	3.974954
5395	6544.207378	46.349208	0.952306	1.692204	3.808781
5397	6546.284314	47.513784	0.955670	1.691764	4.550037
5399	6548.364817	49.243391	5.291193	1.667803	4.242626
5401	6550.441541	49.830426	1.049577	1.690551	5.021882
5403	6552.521325	50.985906	0.936331	1.690093	4.546650
5405	6554.599059	52.112902	0.955782	1.689312	5.072263
5407	6556.679563	53.146719	0.835969	1.687776	5.226592
5409	6558.758667	54.302109	1.067200	1.686653	5.341489
5411	6560.839885	55.267589	0.893724	1.687437	5.651736
5413	6562.919858	57.852452	2.692983	1.717631	5.750267
5415	6565.000958	59.642503	2.520708	1.716524	6.169194
5417	6567.080751	58.630683	1.142475	1.686035	6.175317
5419	6569.161463	61.197250	2.579454	1.712339	6.364537
5421	6571.240659	60.719598	1.109042	1.679352	7.082789
5423	6573.320044	61.518291	7.636666	1.645004	6.728071
5425	6575.398378	63.711750	2.791066	1.706375	7.070810
5427	6577.476895	64.753919	1.178096	1.701239	7.154646
5429	6579.554305	64.307869	1.088735	1.683296	7.640803
5431	6581.631915	65.487047	1.248132	1.677667	7.599080
5433	6583.708765	66.384280	1.144287	1.677547	8.061800
5435	6585.785278	68.013892	7.866296	1.641563	8.227211
5437	6587.861350	69.074839	2.920984	1.703383	8.542809
5439	6589.937169	68.785011	1.273934	1.675184	8.749419
5441	6592.013033	70.773170	8.024143	1.631900	8.869431
5443	6594.088860	69.857534	1.377623	1.682256	8.627133
5445	6596.164615	70.407721	1.427768	1.682378	9.280283
5447	6598.241008	71.523349	1.324865	1.673368	9.265472
5449	6600.317011	72.617112	1.508310	1.681070	9.524752
5451	6602.394394	72.688514	1.371664	1.673629	9.224295
5453	6604.471145	72.714085	1.461163	1.683588	9.721182
5455	6606.548655	73.556157	1.339463	1.681100	10.099084
5457	6608.626176	74.416456	4.032229	1.698079	10.521617
5459	6610.703743	74.743487	1.347329	1.679915	10.440616
5461	6612.781084	76.486303	3.536245	1.696012	10.381452
5463	6614.858237	75.875324	1.320156	1.678871	10.935047
5465	6616.935386	76.624564	1.574962	1.676894	10.688462
5467	6619.012167	77.690706	1.899183	1.682141	11.017627
5469	6621.089134	77.769092	1.636015	1.674059	11.084065
5471	6623.165749	78.249795	1.667586	1.674089	11.234334
5473	6625.242650	78.048232	1.614779	1.681818	11.266927
5475	6627.319299	80.657817	2.200024	1.690093	11.409649
5477	6629.396324	80.952475	5.761409	1.655612	11.482512
5479	6631.473348	79.541081	3.842426	1.696516	11.772720
5481	6633.551008	80.296332	1.918083	1.674605	11.795909
5483	6635.628696	82.002076	7.830388	1.649138	12.080403
5485	6637.706810	81.286736	3.374489	1.697659	12.006940
5487	6639.784822	83.253582	2.211559	1.691633	12.119990
5489	6641.863059	84.180625	8.744504	1.636995	12.122792
5491	6643.941133	81.243377	3.524377	1.694509	12.715044
5493	6646.019193	82.631004	2.019200	1.673041	12.638547
5495	6648.096818	84.947810	8.936226	1.639665	12.593848
5497	6650.174172	82.253495	3.789770	1.691824	12.803230
5499	6652.251413	83.265418	2.081308	1.677193	12.838374
5501	6654.328267	84.161021	2.182535	1.672705	13.301460
5503	6656.404969	83.996073	2.137165	1.676976	13.212639
5505	6658.481412	84.236787	2.146417	1.677020	13.551903
5507	6660.557679	85.097673	2.279917	1.672567	13.688818
5509	6662.633511	86.827238	9.164375	1.640215	13.736694
5511	6664.709338	87.424339	2.658366	1.695853	13.511797
5513	6666.785012	85.832451	2.274938	1.672420	13.199937
5515	6668.860398	86.098790	2.317353	1.672211	13.553679
5517	6670.935920	88.264080	8.989109	1.644679	13.210972
5519	6673.011424	85.713537	3.730632	1.693638	13.996848
5521	6675.087206	86.078466	2.245527	1.678258	14.161252
5523	6677.163211	85.320494	3.827700	1.694113	14.344322
5525	6679.239414	85.823637	3.919611	1.694251	14.127698
5527	6681.315859	87.024665	4.000217	1.693178	13.837653
5529	6683.392615	86.993781	2.228105	1.679232	14.537558
5531	6685.469178	89.884128	2.937510	1.692106	14.323825
5533	6687.545958	88.552381	2.928735	1.678239	14.391951
5535	6689.622793	87.936963	2.701506	1.680238	14.150054
5537	6691.699513	90.445339	3.133695	1.695192	14.512291
5539	6693.776140	88.119428	2.782077	1.682088	14.731182
5541	6695.852732	87.162814	3.975632	1.695746	14.973260
5543	6697.929228	88.509239	2.342544	1.680752	15.231075
5545	6700.005704	89.101669	2.908970	1.678484	14.955331
5547	6702.082281	91.702230	7.600778	1.655435	15.128556
5549	6704.158893	91.389846	3.482562	1.693439	15.063822
5551	6706.235631	91.869074	8.147273	1.654564	15.256204
5553	6708.312499	89.954729	3.096670	1.678087	15.540931
5555	6710.389689	90.195106	3.044182	1.683971	15.004614
5557	6712.466850	90.194054	3.082839	1.678678	14.952952
5559	6714.544504	89.872159	3.092695	1.682947	15.274024
5561	6716.622119	92.137843	3.523205	1.699727	15.524786
5563	6718.699640	90.451986	3.164289	1.682960	15.125154
5565	6720.777297	90.786838	3.193773	1.677020	15.833472
5567	6722.854795	90.736618	3.253317	1.681533	15.930539
5569	6724.932040	92.872555	3.616481	1.703263	15.764147
5571	6727.009157	94.319517	10.328569	1.645102	15.402667
5573	6729.086239	93.281543	3.831785	1.702144	15.939693
5575	6731.162842	92.137132	3.794181	1.688236	16.171063
5577	6733.239473	94.226770	10.394583	1.648039	16.154958
5579	6735.315831	91.622307	3.286084	1.682511	16.001774
5581	6737.391973	91.719034	3.340170	1.683037	15.632600
5583	6739.468058	89.890458	4.293427	1.701286	15.913204
5585	6741.543708	89.560594	4.505422	1.700841	16.410506
5587	6743.619290	92.704214	3.565434	1.680912	16.411237
5589	6745.695089	93.042455	3.618326	1.680787	15.499092
5591	6747.770504	92.933300	3.612818	1.680539	16.156663
5593	6749.846330	93.026167	3.657513	1.680760	16.440463
5595	6751.922221	95.277758	9.993200	1.657138	16.096765
5597	6753.998223	94.338935	4.172413	1.708026	16.383396
5599	6756.074343	93.264863	3.782484	1.682528	16.348059
5601	6758.150794	93.734790	4.032289	1.684664	16.322139
5603	6760.227392	95.552290	9.128918	1.663280	16.639925
5605	6762.303803	93.580406	3.915936	1.685220	16.382171
5607	6764.380510	95.686960	8.830896	1.665347	15.979421
5609	6766.457123	91.632035	4.984791	1.704762	16.175921
5611	6768.533774	95.334363	4.500914	1.710576	16.620413
5613	6770.610464	94.517644	4.416515	1.691379	16.549078
5615	6772.687055	96.532784	8.729762	1.666480	16.601640
5617	6774.763563	91.191990	5.360023	1.705290	16.842564
5619	6776.840152	91.538111	5.287732	1.706756	16.625832
5621	6778.916644	93.656160	3.585352	1.693680	16.617989
5623	6780.993315	96.413342	4.825601	1.708717	17.435111
5625	6783.070144	94.688042	4.222462	1.691929	17.112907
5627	6785.146946	96.875225	9.971792	1.667150	16.482373
5629	6787.223877	92.811851	5.330326	1.708323	17.432280
5631	6789.301110	95.989118	4.831012	1.714296	17.167482
5633	6791.378433	97.451535	10.794263	1.665412	16.924475
