crossing time (s)	slope (V/s)	crossing number
281474976710655.000000	2.017352	7862	0.000000
281474976710655.000000	2.058245	7863	9195445248.000000
281474976710655.000000	2.050398	7864	9196497920.000000
281474976710655.000000	2.112918	7865	9197529088.000000
281474976710655.000000	2.116305	7866	9198582784.000000
281474976710655.000000	2.308825	7867	9199614976.000000
281474976710655.000000	2.198877	7868	9200664576.000000
281474976710655.000000	2.261269	7869	9201698816.000000
281474976710655.000000	2.390080	7870	9202747392.000000
281474976710655.000000	2.414182	7871	9203779584.000000
281474976710655.000000	2.423818	7872	9204831232.000000
281474976710655.000000	2.596462	7873	9205861376.000000
281474976710655.000000	2.571892	7874	9206913024.000000
281474976710655.000000	2.624080	7875	9207941120.000000
281474976710655.000000	2.580955	7876	9208996864.000000
281474976710655.000000	2.748130	7877	9210022912.000000
281474976710655.000000	2.733408	7878	9211077632.000000
281474976710655.000000	2.859313	7879	9212103680.000000
281474976710655.000000	2.735968	7880	9213160448.000000
281474976710655.000000	3.036673	7881	9214185472.000000
281474976710655.000000	2.868640	7882	9215241216.000000
281474976710655.000000	2.970549	7883	9216266240.000000
281474976710655.000000	3.023394	7884	9217319936.000000
281474976710655.000000	3.107214	7885	9218345984.000000
281474976710655.000000	3.030816	7886	9219400704.000000
281474976710655.000000	3.271950	7887	9220427776.000000
281474976710655.000000	3.143204	7888	9221480448.000000
281474976710655.000000	3.376423	7889	9222506496.000000
281474976710655.000000	3.156820	7890	9223560192.000000
281474976710655.000000	3.331027	7891	9224588288.000000
281474976710655.000000	3.392653	7892	9225638912.000000
281474976710655.000000	3.471280	7893	9226667008.000000
281474976710655.000000	3.341915	7894	9227719680.000000
281474976710655.000000	3.697066	7895	9228745728.000000
281474976710655.000000	3.432764	7896	9229797376.000000
281474976710655.000000	3.628479	7897	9230825472.000000
281474976710655.000000	3.444159	7898	9231878144.000000
281474976710655.000000	3.618484	7899	9232905216.000000
281474976710655.000000	3.673865	7900	9233956864.000000
281474976710655.000000	3.735110	7901	9234983936.000000
281474976710655.000000	3.685849	7902	9236035584.000000
281474976710655.000000	3.937710	7903	9237061632.000000
281474976710655.000000	3.755892	7904	9238113280.000000
281474976710655.000000	3.903241	7905	9239140352.000000
281474976710655.000000	3.880466	7906	9240192000.000000
281474976710655.000000	3.880821	7907	9241219072.000000
281474976710655.000000	3.855398	7908	9242270720.000000
281474976710655.000000	4.016665	7909	9243297792.000000
281474976710655.000000	4.100811	7910	9244348416.000000
281474976710655.000000	4.103457	7911	9245376512.000000
281474976710655.000000	3.906368	7912	9246426112.000000
281474976710655.000000	4.073921	7913	9247455232.000000
281474976710655.000000	4.183940	7914	9248503808.000000
281474976710655.000000	4.305642	7915	9249533952.000000
281474976710655.000000	4.027608	7916	9250581504.000000
281474976710655.000000	4.265217	7917	9251612672.000000
281474976710655.000000	4.226582	7918	9252658176.000000
281474976710655.000000	4.305934	7919	9253690368.000000
281474976710655.000000	4.283568	7920	9254736896.000000
281474976710655.000000	4.520987	7921	9255769088.000000
281474976710655.000000	4.234711	7922	9256813568.000000
281474976710655.000000	4.483562	7923	9257846784.000000
281474976710655.000000	4.408000	7924	9258891264.000000
281474976710655.000000	4.638768	7925	9259923456.000000
281474976710655.000000	4.301701	7926	9260969984.000000
281474976710655.000000	4.549202	7927	9262001152.000000
281474976710655.000000	4.509757	7928	9263047680.000000
281474976710655.000000	4.875745	7929	9264078848.000000
281474976710655.000000	4.467676	7930	9265124352.000000
281474976710655.000000	4.728501	7931	9266156544.000000
281474976710655.000000	4.578827	7932	9267203072.000000
281474976710655.000000	4.792642	7933	9268233216.000000
281474976710655.000000	4.596451	7934	9269279744.000000
281474976710655.000000	4.726785	7935	9270311936.000000
281474976710655.000000	4.747720	7936	9271357440.000000
281474976710655.000000	4.931662	7937	9272388608.000000
281474976710655.000000	4.670923	7938	9273433088.000000
281474976710655.000000	4.821996	7939	9274466304.000000
281474976710655.000000	4.738109	7940	9275510784.000000
281474976710655.000000	5.052238	7941	9276544000.000000
281474976710655.000000	4.840488	7942	9277587456.000000
281474976710655.000000	4.992122	7943	9278620672.000000
281474976710655.000000	4.791727	7944	9279665152.000000
281474976710655.000000	5.170743	7945	9280698368.000000
281474976710655.000000	4.794675	7946	9281741824.000000
281474976710655.000000	5.049453	7947	9282775040.000000
281474976710655.000000	4.992340	7948	9283819520.000000
281474976710655.000000	5.150927	7949	9284851712.000000
281474976710655.000000	4.879661	7950	9285897216.000000
281474976710655.000000	5.177711	7951	9286928384.000000
281474976710655.000000	5.010095	7952	9287974912.000000
281474976710655.000000	5.187988	7953	9289004032.000000
281474976710655.000000	4.783133	7954	9290052608.000000
281474976710655.000000	5.174702	7955	9291081728.000000
281474976710655.000000	5.099577	7956	9292129280.000000
281474976710655.000000	5.339782	7957	9293157376.000000
281474976710655.000000	4.971857	7958	9294206976.000000
281474976710655.000000	5.078938	7959	9295235072.000000
281474976710655.000000	5.238268	7960	9296283648.000000
281474976710655.000000	5.261666	7961	9297310720.000000
281474976710655.000000	5.137349	7962	9298361344.000000
281474976710655.000000	5.271488	7963	9299388416.000000
281474976710655.000000	5.247809	7964	9300438016.000000
281474976710655.000000	5.251478	7965	9301465088.000000
281474976710655.000000	5.182801	7966	9302513664.000000
281474976710655.000000	5.280412	7967	9303541760.000000
281474976710655.000000	5.431938	7968	9304591360.000000
281474976710655.000000	5.393211	7969	9305616384.000000
281474976710655.000000	5.263887	7970	9306668032.000000
281474976710655.000000	5.352344	7971	9307696128.000000
281474976710655.000000	5.172838	7972	9308743680.000000
281474976710655.000000	5.601014	7973	9309772800.000000
281474976710655.000000	5.312212	7974	9310821376.000000
281474976710655.000000	5.525661	7975	9311849472.000000
281474976710655.000000	5.265272	7976	9312897024.000000
281474976710655.000000	5.607130	7977	9313924096.000000
281474976710655.000000	5.255941	7978	9314974720.000000
281474976710655.000000	5.526248	7979	9316002816.000000
281474976710655.000000	5.579721	7980	9317050368.000000
281474976710655.000000	5.492757	7981	9318078464.000000
281474976710655.000000	5.493075	7982	9319127040.000000
281474976710655.000000	5.477039	7983	9320156160.000000
281474976710655.000000	5.772236	7984	9321204736.000000
281474976710655.000000	5.660266	7985	9322232832.000000
281474976710655.000000	5.665172	7986	9323279360.000000
281474976710655.000000	5.642228	7987	9324309504.000000
281474976710655.000000	5.416778	7988	9325356032.000000
281474976710655.000000	5.763340	7989	9326387200.000000
281474976710655.000000	5.556690	7990	9327432704.000000
281474976710655.000000	5.870351	7991	9328462848.000000
281474976710655.000000	5.432318	7992	9329508352.000000
281474976710655.000000	5.720219	7993	9330540544.000000
281474976710655.000000	5.639965	7994	9331585024.000000
